0.02924874376571808
0.02924874376571808
0.02915785458613289
0.02915785458613289
0.02915774539140505
0.02915774539140505
0.027189076196314707
0.027188967001586864
0.027188749791400485
0.026158201550617634
0.026158201550617634
0.026152496317323026
0.026152496317323026
0.026097928888390867
0.02599963339824161
0.02599963339824161
0.02599963339824161
0.025819141099046223
0.025819141099046223
0.025819141099046223
0.025762855697279742
0.025762855697279742
0.025762855697279742
0.024723883272808347
0.024723883272808347
0.024721755434705832
0.024574702638926187
0.02398009523057256
0.023932355772488433
0.023932355772488433
0.023930425603681544
