0.02924874376571808
0.02924874376571808
0.029248743765718073
0.028613852947745076
0.028613852947745076
0.028613852947745076
0.026676267524725805
0.026676267524725805
0.025662745228286883
0.025296317937832002
0.024640021877030842
0.02441199502635782
0.023970763715041837
0.023340711486463064
0.023100028092493136
0.021896141525069572
0.021412829665263953
0.020832801369244404
0.020244324744379046
0.019758997051476358
0.018963889117126508
0.018390514882522864
0.017577427806424524
0.017577427806424524
0.017398787192008228
0.016901097182811645
0.01651213424547671
0.016237856708629903
0.0157205028433494
0.015618423567397875
0.015618394703497504
