0.02924874376571808
0.02924874376571808
0.02924874376571808
0.027333630165059578
0.026314324163738273
0.02571658360630129
0.02566555550473644
0.025347738584959766
0.02471947317378382
0.02471947317378382
0.023960791308663396
0.02375197541704475
0.02375197541704475
0.02368884603891324
0.023637403860937677
0.02363169862764306
0.02330803590312116
0.023258629593152946
0.023244687354205738
0.023244687354205738
0.023209290484804967
0.023205348452758852
0.023166598798938023
0.023135955056631394
0.023132013024585278
0.023126251755453277
0.023102815592036433
0.023094981016331725
0.022747255669285767
0.022747255669285767
0.02273953619459784
