0.041134630119476854
0.04155489030762499
0.041042219779303994
0.04102819440488348
0.04112822226148197
0.04018397536294174
0.04111411954196717
0.04098391536294174
0.04118411954196717
0.04129169303660315
0.04098816991354596
0.04101847682780318
0.04098816991354596
0.04201847612780318
0.04016912479964341
0.04095199672623161
0.04098816991354596
0.04096912479964341
0.04101829440488348
0.04129169303660315
0.04091816991354596
0.04101817682780318
0.04129169303660315
0.04098816991354596
0.04104221977930399
0.04111321661163655
0.0410094837001553
0.04092028494796421
0.04118411954196717
