0.02924874376571808
0.02924874376571808
0.02924874376571808
0.029248743765718073
0.027333630165059578
0.027333630165059578
0.027333630165059578
0.02682328042350987
0.02682328042350987
0.026678968606447518
0.02623780852498826
0.02623780852498826
0.02623780852498826
0.026237754192321838
0.025224286228549324
0.024636974504684946
0.024636974504684946
0.024568027357815263
0.024568027357815263
0.024209256750727035
0.024209256750727035
0.023362334797001456
0.02335715450005338
0.02335715450005338
0.023355025473200005
0.023355025473200005
0.02335307292691842
0.023305619163231792
0.023305619163231792
0.023292779135890965
0.023291273831266418
0.023291273831266418
0.023288837103844842
0.023287331799220302
0.023287331799220302
0.023282084781284736
0.023237925489252086
0.023237925489252086
0.023232678471316524
0.023232678471316524
0.023232678471316524
0.023189044596263163
0.023189044596263163
0.022309406087197527
0.022309406087197527
0.022309406087197527
0.022309406087197527
0.021375629028059076
0.021375629028059076
0.021375629028059076
0.02137454504400555
0.021347625246443874
0.021347625246443874
0.02134654126239035
0.02134654126239035
0.02134256866838908
0.02134256866838908
0.02134256866838908
0.021341788682806458
0.021341788682806458
0.021341092497597344
0.021337522595565962
0.021337522595565962
0.020943059494518447
0.020943059494518447
0.020943059494518447
0.020943059494518447
0.020943059494518447
0.020943059494518447
0.020942363309309334
0.020942363309309334
0.020942363309309334
0.02094173938863332
0.02094173938863332
0.020860608042921246
0.020860608042921246
0.020860608042921246
0.020860608042921246
0.020860608042921246
0.02085662288182337
0.020814875178653144
0.020814875178653144
0.020814875178653144
0.020814875178653144
0.020814875178653144
0.020811743335036346
0.020811743335036346
0.020777082818920073
0.020777082818920073
0.02074813380110292
0.02074813380110292
0.02074813380110292
0.02074813380110292
0.02074813380110292
0.02074813380110292
0.020747986603960225
0.020747986603960225
0.020747986603960225
0.020747986603960225
0.020747986603960225
0.020747986603960225
