0.007915221678614881
0.007915221678614881
0.007224161419083635
0.007224161419083635
0.007224161419083635
0.007224161419083635
0.007224161419083635
0.007224161419083635
0.007224161419083635
0.007224161419083635
0.007224161419083635
0.007224161419083635
0.007224161419083635
0.005183727399428576
0.005183727399428576
0.005183727399428576
0.004654760572557412
0.004654760572557412
0.004654760572557412
0.004654760572557412
0.00465476057255741
0.00465476057255741
0.00465476057255741
0.004503342961461423
0.004310601394177714
0.004308397750274516
0.004308397750274516
0.004308397750274516
0.004308397750274516
0.004308397750274516
0.004308397750274516
0.004308397750274516
0.004308397750274516
0.004308397750274516
0.004308397750274516
0.004308397750274516
0.004308397750274516
0.004308397750274516
0.004308397750274516
0.004308397750274516
0.004308397750274516
0.004308397750274516
0.004308397750274516
0.00360452106932139
0.00360452106932139
0.00360452106932139
0.002738809300179413
0.002738809300179413
0.002738809300179413
0.0027181733264004027
0.0025357022644325418
0.0025357022644325418
0.0025357022644325418
0.0025357022644325418
0.0025357022644325418
0.0025357022644325418
0.0025357022644325418
0.0025357022644325418
0.0025357022644325418
0.0025357022644325418
0.0025357022644325418
0.0025357022644325418
0.0025357022644325418
0.0025357022644325418
0.0025357022644325418
0.0025357022644325418
0.0025357022644325418
0.0025357022644325418
0.0025357022644325418
0.0025357022644325418
0.0025357022644325418
0.0025357022644325418
0.0025357022644325418
0.0025357022644325418
0.0025357022644325418
0.0025357022644325418
0.0025357022644325418
0.0025357022644325418
0.0025357022644325418
0.0025357022644325418
0.0025357022644325418
0.0025357022644325418
0.0025357022644325418
0.0025357022644325418
0.0025357022644325418
0.0025357022644325418
0.0025357022644325418
0.0025357022644325418
0.0025357022644325418
0.0025357022644325418
0.0025357022644325418
0.0025357022644325418
0.0025357022644325418
0.0025357022644325418
0.0025357022644325418
0.0025357022644325418
0.0025357022644325418
0.0025357022644325418
0.0025357022644325418
0.0025357022644325418
0.0025357022644325418
